008_pudding_box
translation -0.0811898 -0.0616514 0.0480247
quaternion 0 0 -0.778073 0.628174 
matrix(incl preprocessing) 
 -0.210796    0.97753          0 -0.0811898
  -0.97753  -0.210796          0 -0.0616514
         0          0          1  0.0480247
         0          0          0          1
matrix(preprocessing) 
           1            0            0   0.00186511
           0            1            0 -0.000814934
           0            0            1    0.0480247
           0            0            0            1
